2 1 0 6.5 0.0001 0 0.0
2 1 0 6.5 0.444533 0 0.0
2 1 0 6.5 0.888967 0 0.0
2 1 0 6.5 1.3334 0 0.0
2 1 0 6.5 1.777833 0 0.0
2 1 0 6.5 2.222267 0 0.0
2 1 0 6.5 2.6667 0 0.0
2 1 0 6.5 3.111133 0 0.0
2 1 0 6.5 3.555567 0 0.0
2 1 0 6.5 4.0 0 0.0
2 1 0 6.5 0.0001 0 0.0
2 1 0 6.5 0.000359 0 0.0
2 1 0 6.5 0.001292 0 0.0
2 1 0 6.5 0.004642 0 0.0
2 1 0 6.5 0.016681 0 0.0
2 1 0 6.5 0.059948 0 0.0
2 1 0 6.5 0.215443 0 0.0
2 1 0 6.5 0.774264 0 0.0
2 1 0 6.5 2.782559 0 0.0
2 1 0 6.5 10.0 0 0.0
2 2 0 6.5 0.0001 0 0.0
2 2 0 6.5 0.444533 0 0.0
2 2 0 6.5 0.888967 0 0.0
2 2 0 6.5 1.3334 0 0.0
2 2 0 6.5 1.777833 0 0.0
2 2 0 6.5 2.222267 0 0.0
2 2 0 6.5 2.6667 0 0.0
2 2 0 6.5 3.111133 0 0.0
2 2 0 6.5 3.555567 0 0.0
2 2 0 6.5 4.0 0 0.0
2 2 0 6.5 0.0001 0 0.0
2 2 0 6.5 0.000359 0 0.0
2 2 0 6.5 0.001292 0 0.0
2 2 0 6.5 0.004642 0 0.0
2 2 0 6.5 0.016681 0 0.0
2 2 0 6.5 0.059948 0 0.0
2 2 0 6.5 0.215443 0 0.0
2 2 0 6.5 0.774264 0 0.0
2 2 0 6.5 2.782559 0 0.0
2 2 0 6.5 10.0 0 0.0
2 1 0 4.0 0.000312 0 0.0
2 1 0 4.0 0.25 0 0.0
2 1 0 4.0 1.25 0 0.0
2 1 0 4.0 5.0 0 0.0
2 2 0 4.0 0.000312 0 0.0
2 2 0 4.0 0.25 0 0.0
2 2 0 4.0 1.25 0 0.0
2 2 0 4.0 5.0 0 0.0
4 1 1 6.5 1e-05 1.0 1.0
4 1 1 6.5 1e-05 4.0 1.0
4 1 1 6.5 1e-05 16.0 1.0
4 1 1 6.5 1e-05 1.0 -1.0
4 1 1 6.5 1e-05 4.0 -1.0
4 1 1 6.5 1e-05 16.0 -1.0
4 1 1 6.5 2.78e-05 1.0 1.0
4 1 1 6.5 2.78e-05 4.0 1.0
4 1 1 6.5 2.78e-05 16.0 1.0
4 1 1 6.5 2.78e-05 1.0 -1.0
4 1 1 6.5 2.78e-05 4.0 -1.0
4 1 1 6.5 2.78e-05 16.0 -1.0
4 1 1 6.5 7.74e-05 1.0 1.0
4 1 1 6.5 7.74e-05 4.0 1.0
4 1 1 6.5 7.74e-05 16.0 1.0
4 1 1 6.5 7.74e-05 1.0 -1.0
4 1 1 6.5 7.74e-05 4.0 -1.0
4 1 1 6.5 7.74e-05 16.0 -1.0
4 1 1 6.5 0.0002154 1.0 1.0
4 1 1 6.5 0.0002154 4.0 1.0
4 1 1 6.5 0.0002154 16.0 1.0
4 1 1 6.5 0.0002154 1.0 -1.0
4 1 1 6.5 0.0002154 4.0 -1.0
4 1 1 6.5 0.0002154 16.0 -1.0
4 1 1 6.5 0.0005995 1.0 1.0
4 1 1 6.5 0.0005995 4.0 1.0
4 1 1 6.5 0.0005995 16.0 1.0
4 1 1 6.5 0.0005995 1.0 -1.0
4 1 1 6.5 0.0005995 4.0 -1.0
4 1 1 6.5 0.0005995 16.0 -1.0
4 1 1 6.5 0.0016681 1.0 1.0
4 1 1 6.5 0.0016681 4.0 1.0
4 1 1 6.5 0.0016681 16.0 1.0
4 1 1 6.5 0.0016681 1.0 -1.0
4 1 1 6.5 0.0016681 4.0 -1.0
4 1 1 6.5 0.0016681 16.0 -1.0
4 1 1 6.5 0.0046416 1.0 1.0
4 1 1 6.5 0.0046416 4.0 1.0
4 1 1 6.5 0.0046416 16.0 1.0
4 1 1 6.5 0.0046416 1.0 -1.0
4 1 1 6.5 0.0046416 4.0 -1.0
4 1 1 6.5 0.0046416 16.0 -1.0
4 1 1 6.5 0.0129155 1.0 1.0
4 1 1 6.5 0.0129155 4.0 1.0
4 1 1 6.5 0.0129155 16.0 1.0
4 1 1 6.5 0.0129155 1.0 -1.0
4 1 1 6.5 0.0129155 4.0 -1.0
4 1 1 6.5 0.0129155 16.0 -1.0
4 1 1 6.5 0.0359381 1.0 1.0
4 1 1 6.5 0.0359381 4.0 1.0
4 1 1 6.5 0.0359381 16.0 1.0
4 1 1 6.5 0.0359381 1.0 -1.0
4 1 1 6.5 0.0359381 4.0 -1.0
4 1 1 6.5 0.0359381 16.0 -1.0
4 1 1 6.5 0.1 1.0 1.0
4 1 1 6.5 0.1 4.0 1.0
4 1 1 6.5 0.1 16.0 1.0
4 1 1 6.5 0.1 1.0 -1.0
4 1 1 6.5 0.1 4.0 -1.0
4 1 1 6.5 0.1 16.0 -1.0
4 1 2 6.5 1e-05 1.0 1.0
4 1 2 6.5 1e-05 4.0 1.0
4 1 2 6.5 1e-05 16.0 1.0
4 1 2 6.5 1e-05 1.0 -1.0
4 1 2 6.5 1e-05 4.0 -1.0
4 1 2 6.5 1e-05 16.0 -1.0
4 1 2 6.5 2.78e-05 1.0 1.0
4 1 2 6.5 2.78e-05 4.0 1.0
4 1 2 6.5 2.78e-05 16.0 1.0
4 1 2 6.5 2.78e-05 1.0 -1.0
4 1 2 6.5 2.78e-05 4.0 -1.0
4 1 2 6.5 2.78e-05 16.0 -1.0
4 1 2 6.5 7.74e-05 1.0 1.0
4 1 2 6.5 7.74e-05 4.0 1.0
4 1 2 6.5 7.74e-05 16.0 1.0
4 1 2 6.5 7.74e-05 1.0 -1.0
4 1 2 6.5 7.74e-05 4.0 -1.0
4 1 2 6.5 7.74e-05 16.0 -1.0
4 1 2 6.5 0.0002154 1.0 1.0
4 1 2 6.5 0.0002154 4.0 1.0
4 1 2 6.5 0.0002154 16.0 1.0
4 1 2 6.5 0.0002154 1.0 -1.0
4 1 2 6.5 0.0002154 4.0 -1.0
4 1 2 6.5 0.0002154 16.0 -1.0
4 1 2 6.5 0.0005995 1.0 1.0
4 1 2 6.5 0.0005995 4.0 1.0
4 1 2 6.5 0.0005995 16.0 1.0
4 1 2 6.5 0.0005995 1.0 -1.0
4 1 2 6.5 0.0005995 4.0 -1.0
4 1 2 6.5 0.0005995 16.0 -1.0
4 1 2 6.5 0.0016681 1.0 1.0
4 1 2 6.5 0.0016681 4.0 1.0
4 1 2 6.5 0.0016681 16.0 1.0
4 1 2 6.5 0.0016681 1.0 -1.0
4 1 2 6.5 0.0016681 4.0 -1.0
4 1 2 6.5 0.0016681 16.0 -1.0
4 1 2 6.5 0.0046416 1.0 1.0
4 1 2 6.5 0.0046416 4.0 1.0
4 1 2 6.5 0.0046416 16.0 1.0
4 1 2 6.5 0.0046416 1.0 -1.0
4 1 2 6.5 0.0046416 4.0 -1.0
4 1 2 6.5 0.0046416 16.0 -1.0
4 1 2 6.5 0.0129155 1.0 1.0
4 1 2 6.5 0.0129155 4.0 1.0
4 1 2 6.5 0.0129155 16.0 1.0
4 1 2 6.5 0.0129155 1.0 -1.0
4 1 2 6.5 0.0129155 4.0 -1.0
4 1 2 6.5 0.0129155 16.0 -1.0
4 1 2 6.5 0.0359381 1.0 1.0
4 1 2 6.5 0.0359381 4.0 1.0
4 1 2 6.5 0.0359381 16.0 1.0
4 1 2 6.5 0.0359381 1.0 -1.0
4 1 2 6.5 0.0359381 4.0 -1.0
4 1 2 6.5 0.0359381 16.0 -1.0
4 1 2 6.5 0.1 1.0 1.0
4 1 2 6.5 0.1 4.0 1.0
4 1 2 6.5 0.1 16.0 1.0
4 1 2 6.5 0.1 1.0 -1.0
4 1 2 6.5 0.1 4.0 -1.0
4 1 2 6.5 0.1 16.0 -1.0
4 2 2 6.5 1e-05 1.0 1.0
4 2 2 6.5 1e-05 4.0 1.0
4 2 2 6.5 1e-05 16.0 1.0
4 2 2 6.5 1e-05 1.0 -1.0
4 2 2 6.5 1e-05 4.0 -1.0
4 2 2 6.5 1e-05 16.0 -1.0
4 2 2 6.5 2.78e-05 1.0 1.0
4 2 2 6.5 2.78e-05 4.0 1.0
4 2 2 6.5 2.78e-05 16.0 1.0
4 2 2 6.5 2.78e-05 1.0 -1.0
4 2 2 6.5 2.78e-05 4.0 -1.0
4 2 2 6.5 2.78e-05 16.0 -1.0
4 2 2 6.5 7.74e-05 1.0 1.0
4 2 2 6.5 7.74e-05 4.0 1.0
4 2 2 6.5 7.74e-05 16.0 1.0
4 2 2 6.5 7.74e-05 1.0 -1.0
4 2 2 6.5 7.74e-05 4.0 -1.0
4 2 2 6.5 7.74e-05 16.0 -1.0
4 2 2 6.5 0.0002154 1.0 1.0
4 2 2 6.5 0.0002154 4.0 1.0
4 2 2 6.5 0.0002154 16.0 1.0
4 2 2 6.5 0.0002154 1.0 -1.0
4 2 2 6.5 0.0002154 4.0 -1.0
4 2 2 6.5 0.0002154 16.0 -1.0
4 2 2 6.5 0.0005995 1.0 1.0
4 2 2 6.5 0.0005995 4.0 1.0
4 2 2 6.5 0.0005995 16.0 1.0
4 2 2 6.5 0.0005995 1.0 -1.0
4 2 2 6.5 0.0005995 4.0 -1.0
4 2 2 6.5 0.0005995 16.0 -1.0
4 2 2 6.5 0.0016681 1.0 1.0
4 2 2 6.5 0.0016681 4.0 1.0
4 2 2 6.5 0.0016681 16.0 1.0
4 2 2 6.5 0.0016681 1.0 -1.0
4 2 2 6.5 0.0016681 4.0 -1.0
4 2 2 6.5 0.0016681 16.0 -1.0
4 2 2 6.5 0.0046416 1.0 1.0
4 2 2 6.5 0.0046416 4.0 1.0
4 2 2 6.5 0.0046416 16.0 1.0
4 2 2 6.5 0.0046416 1.0 -1.0
4 2 2 6.5 0.0046416 4.0 -1.0
4 2 2 6.5 0.0046416 16.0 -1.0
4 2 2 6.5 0.0129155 1.0 1.0
4 2 2 6.5 0.0129155 4.0 1.0
4 2 2 6.5 0.0129155 16.0 1.0
4 2 2 6.5 0.0129155 1.0 -1.0
4 2 2 6.5 0.0129155 4.0 -1.0
4 2 2 6.5 0.0129155 16.0 -1.0
4 2 2 6.5 0.0359381 1.0 1.0
4 2 2 6.5 0.0359381 4.0 1.0
4 2 2 6.5 0.0359381 16.0 1.0
4 2 2 6.5 0.0359381 1.0 -1.0
4 2 2 6.5 0.0359381 4.0 -1.0
4 2 2 6.5 0.0359381 16.0 -1.0
4 2 2 6.5 0.1 1.0 1.0
4 2 2 6.5 0.1 4.0 1.0
4 2 2 6.5 0.1 16.0 1.0
4 2 2 6.5 0.1 1.0 -1.0
4 2 2 6.5 0.1 4.0 -1.0
4 2 2 6.5 0.1 16.0 -1.0
